{
 "cells": [
  {
   "cell_type": "code",
   "execution_count": 58,
   "metadata": {},
   "outputs": [],
   "source": [
    "import numpy as np\n",
    "import pandas as pd\n",
    "import csv\n",
    "\n",
    "import networkx as nx\n",
    "import os\n",
    "from scipy.io import loadmat\n",
    "\n",
    "from sklearn.model_selection import train_test_split\n",
    "from sklearn import svm\n",
    "from sklearn.svm import SVC\n",
    "from sklearn.metrics import accuracy_score, classification_report\n",
    "from sklearn.model_selection import GridSearchCV"
   ]
  },
  {
   "cell_type": "code",
   "execution_count": 59,
   "metadata": {},
   "outputs": [],
   "source": [
    "def read_eeg_data(directory):\n",
    "\n",
    "    eeg_data = {}\n",
    "    file_names = os.listdir(directory)\n",
    "\n",
    "    for file_name in file_names:\n",
    "        if file_name.endswith('.mat'):  \n",
    "            file_path = os.path.join(directory, file_name)\n",
    "\n",
    "            # Load data from .mat files\n",
    "            data = loadmat(file_path)  \n",
    "            for key, value in data.items(): \n",
    "                if key.startswith('v') and isinstance(value, np.ndarray):  # extract eeg data of each subject\n",
    "                    eeg_data[key] = value \n",
    "                    \n",
    "    return eeg_data"
   ]
  },
  {
   "cell_type": "code",
   "execution_count": 60,
   "metadata": {},
   "outputs": [
    {
     "data": {
      "text/plain": [
       "{'v117': array([[ 191,  156,   16, ...,  -55,  156,  -90],\n",
       "        [ 261,  297, -351, ...,  332,  191,  332],\n",
       "        [ 191,   85, -388, ...,  -19,   15,   85],\n",
       "        ...,\n",
       "        [ 578,  613,  641, ...,  649,  684,  649],\n",
       "        [ 508,  543,  494, ...,  261,  332,   15],\n",
       "        [ 156,  297,  273, ...,  261,  508,  543]], dtype=int16),\n",
       " 'v118': array([[  85,  226,   52, ..., -125,  156, -231],\n",
       "        [-512, -125, -425, ..., -442,   50, -195],\n",
       "        [ -90,  261,  -94, ...,   15,  261,  297],\n",
       "        ...,\n",
       "        [ 156,  156,   89, ...,  -55,   15, -301],\n",
       "        [  85,  297,   16, ...,  437,  226,  437],\n",
       "        [ 332,  402,  347, ...,  191,  156,  -19]], dtype=int16),\n",
       " 'v120': array([[-1498,   226,  -793, ..., -1181,   -90, -1850],\n",
       "        [  226,   -55,  -499, ...,   226,   121,   332],\n",
       "        [  437,    85,  -131, ...,   578,    50,   437],\n",
       "        ...,\n",
       "        [   85,   -90,   568, ...,  -125,  -231,   -19],\n",
       "        [  121,   -90,    52, ...,   367,  -160,  -125],\n",
       "        [  121,    15,   494, ...,   156,  -336,  -371]], dtype=int16),\n",
       " 'v121': array([[ -55,  -19,   89, ...,   50,   85,  -19],\n",
       "        [ 121,  261,  200, ...,  191,  226,  -19],\n",
       "        [  85,  121,   52, ...,   15, -160,  -19],\n",
       "        ...,\n",
       "        [ 754,  649, 1009, ...,  789,  367, 1247],\n",
       "        [1001,  508, 1304, ..., 1282,  649, 1317],\n",
       "        [1388,  825, 1672, ..., 1388,  825, 1669]], dtype=int16),\n",
       " 'v123': array([[  85,   85,   52, ...,  121,   85,  261],\n",
       "        [ 121,  121,  126, ..., -125, -125, -266],\n",
       "        [ -55,  -55,  -94, ...,  261,  402,   85],\n",
       "        ...,\n",
       "        [ 437,  402,  384, ...,  297, -125,  -19],\n",
       "        [-160,   50, -167, ...,   15, -195, -301],\n",
       "        [ 332,  261,  236, ...,  543,   85,  261]], dtype=int16),\n",
       " 'v125': array([[226, 297, 163, ..., 297, 226, -55],\n",
       "        [ 85,  85, 163, ..., 191, 156, 297],\n",
       "        [ 85, 191, 200, ..., 191, 121, 226],\n",
       "        ...,\n",
       "        [191, 121, 200, ..., 121, 226, 121],\n",
       "        [ 85, 121, 163, ...,  85, 226, 156],\n",
       "        [121,  50, 163, ...,  85, 226, 191]], dtype=int16),\n",
       " 'v127': array([[156,  50,  89, ..., 191, 121, 191],\n",
       "        [121, 191,  89, ..., 156, 121, 156],\n",
       "        [ 50, 261,  52, ...,  50, 191, 226],\n",
       "        ...,\n",
       "        [226, 191, 273, ..., 191, 121, 121],\n",
       "        [121, -19, 126, ..., 121,  50, 191],\n",
       "        [ 85,  15,  89, ...,  85,  85, 156]], dtype=int16),\n",
       " 'v129': array([[ -55,  -90,  -20, ...,  121, 4802,  121],\n",
       "        [ -90,  -19,  -57, ..., -160,   50,  -19],\n",
       "        [-160,  -90,  -94, ..., -231,  -19,  -19],\n",
       "        ...,\n",
       "        [ 437,  402,  457, ...,  437,  297,  473],\n",
       "        [ 402,  332,  420, ...,  367,  261,  402],\n",
       "        [ 297,  297,  347, ...,  332,  226,  332]], dtype=int16),\n",
       " 'v131': array([[-231,  -19, -278, ..., -371,   15, -160],\n",
       "        [-231,  -19, -278, ..., -336,   85, -125],\n",
       "        [-231,  -90, -278, ..., -301,  226, -160],\n",
       "        ...,\n",
       "        [ -55,  -90,   16, ...,  -55,  156,   50],\n",
       "        [ -55,   50,   89, ...,   15,   85,   50],\n",
       "        [  15,   85,   89, ...,   15,  191,  121]], dtype=int16),\n",
       " 'v133': array([[ 226,  121,  200, ...,  156,  121,  121],\n",
       "        [ 191,  -19,  163, ...,  226,  156,  121],\n",
       "        [ 191,  -19,  126, ...,  226,   50,  121],\n",
       "        ...,\n",
       "        [ -90,   15,  347, ...,   85,  226,  121],\n",
       "        [-231,  -90,  163, ..., -125,  121,   50],\n",
       "        [-231, -125,  -20, ..., -195,   85,  -55]], dtype=int16),\n",
       " 'v134': array([[ 297,  -55,  163, ...,  156,  261,  156],\n",
       "        [  85,  -55,  236, ...,   85,  261,  191],\n",
       "        [ 156,  -55,  200, ...,  121,  226,  191],\n",
       "        ...,\n",
       "        [  15,  613,   89, ...,  191,   85,  -55],\n",
       "        [-125,  508,  126, ...,  191,  156,  -90],\n",
       "        [ -55,  226,   52, ...,  156,  156,  -90]], dtype=int16),\n",
       " 'v138': array([[121., 508., 163., ..., 332., 473., 226.],\n",
       "        [191., 437., 236., ..., -19., 332.,  15.],\n",
       "        [-90., 402.,  16., ..., 121., 473., 156.],\n",
       "        ...,\n",
       "        [121., 121., 273., ..., 261., 261., 402.],\n",
       "        [226., 191., 347., ..., 261., 261., 437.],\n",
       "        [156.,  85., 310., ..., 156., 191., 297.]]),\n",
       " 'v140': array([[  50, -231,   16, ...,  -55, -195,   85],\n",
       "        [ 332,  156,  457, ...,  226,  367,  332],\n",
       "        [ 332,  156,  457, ...,  226,  367,  332],\n",
       "        ...,\n",
       "        [ 226,  437,  200, ...,  226,  367,  121],\n",
       "        [ 191,  437,  126, ...,  226,  402,  -90],\n",
       "        [ 297,  473,  273, ...,  226,  473,  -90]], dtype=int16),\n",
       " 'v143': array([[ 85, 121, 163, ..., 191, 121,  15],\n",
       "        [121, 191, 200, ..., 156, 121,  50],\n",
       "        [-19,  50,  52, ...,  50,  85, 226],\n",
       "        ...,\n",
       "        [ 85, 226, 126, ...,  85, 261,  85],\n",
       "        [156, 332, 163, ..., 121, 121, -19],\n",
       "        [ 85, 332,  52, ...,  85, 121, -19]], dtype=int16),\n",
       " 'v147': array([[-336, -723,  -94, ..., -442,  -19,   50],\n",
       "        [ 297,  121,  310, ...,  261,  226,   85],\n",
       "        [  85,   50,  126, ...,  226,  191,   15],\n",
       "        ...,\n",
       "        [ 191,   15,  163, ...,  261,  297,  121],\n",
       "        [ 261,  191,  236, ...,  226,  226,  156],\n",
       "        [  85,  191,  126, ...,  121,  191,   50]], dtype=int16),\n",
       " 'v149': array([[-583, -618, -241, ..., -618,  121,  121],\n",
       "        [ -19,  -90,  -20, ...,   50,  121,  191],\n",
       "        [ -55, -125,   16, ...,   15,  156,  156],\n",
       "        ...,\n",
       "        [ 332,  297,  236, ...,  297,  156,   15],\n",
       "        [ 297,  191,  236, ...,  226,   85,   85],\n",
       "        [ 261,  226,  200, ...,  261,  121,  121]], dtype=int16),\n",
       " 'v151': array([[  15.,  156.,  -94., ...,  543.,  156.,  191.],\n",
       "        [-336.,  -19., -315., ..., -477.,   15., -125.],\n",
       "        [-407.,  -19., -425., ..., -371.,   15., -125.],\n",
       "        ...,\n",
       "        [ 332.,  297.,  273., ...,  402.,  332.,  226.],\n",
       "        [ 226.,  191.,  273., ...,  191.,  191.,  332.],\n",
       "        [ 226.,  156.,  163., ...,  332.,  156.,  226.]]),\n",
       " 'v297': array([[  156.,   121.,    89., ...,    85.,   121.,   226.],\n",
       "        [  191.,   191.,    89., ...,   121.,   121.,    15.],\n",
       "        [  261.,   297.,   200., ...,    50.,   191.,   121.],\n",
       "        ...,\n",
       "        [-1111.,    85.,  -867., ...,  -970.,  -266.,  -829.],\n",
       "        [-1075.,    15.,  -719., ...,  -477.,  -231.,  -759.],\n",
       "        [-1251.,  -160.,  -719., ...,  -583.,  -231.,  -618.]]),\n",
       " 'v298': array([[  85., 4802.,  200., ...,   -0.,   -0.,   -0.],\n",
       "        [  15.,  156.,  200., ...,  226.,  226.,  121.],\n",
       "        [ 121.,  226.,  273., ...,  191.,  156.,  156.],\n",
       "        ...,\n",
       "        [ 121.,  -90.,  163., ...,  121.,   85.,  297.],\n",
       "        [ -19., -231.,   16., ...,   15.,   15.,  367.],\n",
       "        [ -19., -160.,   52., ...,   50.,   15.,  473.]]),\n",
       " 'v299': array([[  930,   719,   678, ...,  -407,  -759,    50],\n",
       "        [ -336,  -160,  -278, ...,    50,   367,   191],\n",
       "        [  -19,   121,    16, ...,  -336,  -195,    85],\n",
       "        ...,\n",
       "        [ 2057,  1986,  2481, ...,  -618, -2131,  1282],\n",
       "        [ 1986,  1353,  2371, ...,  1529, -2026,  2233],\n",
       "        [ 1564,   367,   972, ...,  2479,  1669,  2127]], dtype=int16),\n",
       " 'v300': array([[  543,   261,   273, ...,   402,    85,  -864],\n",
       "        [  965,  1071,   604, ...,   402,   297, -2448],\n",
       "        [  825,   930,   494, ...,   402,   473, -1815],\n",
       "        ...,\n",
       "        [ 1458,  1282,   752, ...,   613,   156,  -723],\n",
       "        [ 1106,  1212,   531, ...,   402,   578,   578],\n",
       "        [  930,   825,   384, ...,   297,   -90,  -160]], dtype=int16),\n",
       " 'v302': array([[-336., -583., -167., ..., -125., -301.,  -55.],\n",
       "        [-512., -618., -388., ..., -407., -442.,   50.],\n",
       "        [-160., -407.,  -94., ..., -195., -125.,   50.],\n",
       "        ...,\n",
       "        [ 191.,   50.,  236., ...,  261.,  332.,  261.],\n",
       "        [ -19.,  -90.,   89., ...,  191.,  156.,  156.],\n",
       "        [ 261.,   85.,  384., ...,  156.,  191.,  226.]]),\n",
       " 'v303': array([[ 473,  402,  420, ..., 4802, 4802, 4802],\n",
       "        [  50,  156,  236, ..., 1353,  261, -160],\n",
       "        [-301, -301, -131, ..., -477,   15,  473],\n",
       "        ...,\n",
       "        [ 367,  297,  347, ..., -125,  332,   50],\n",
       "        [-371,  -19, -131, ..., 1001,  156, -231],\n",
       "        [  85,  191,  236, ..., -864,  332,  437]], dtype=int16),\n",
       " 'v304': array([[-1040.,   402.,  -167., ...,   121.,  4802.,   121.],\n",
       "        [-1533., -1251.,  -167., ...,  -266.,   -19.,   -90.],\n",
       "        [ -794.,  -688.,  -278., ...,  -547.,  -231.,  -301.],\n",
       "        ...,\n",
       "        [  226.,   121.,    16., ...,  1071.,   367.,   402.],\n",
       "        [ -125.,   -19.,   163., ...,  -371.,  -125.,  -301.],\n",
       "        [  578.,   367.,    16., ...,   -19.,    50.,  -160.]]),\n",
       " 'v305': array([[ 191., 1282.,  163., ...,  121.,  121.,  156.],\n",
       "        [ 261.,   85.,  200., ...,   15.,   50.,   85.],\n",
       "        [ 156.,  297.,  126., ...,  156.,  191.,   85.],\n",
       "        ...,\n",
       "        [ -55.,  367.,  347., ...,  226.,  367.,  261.],\n",
       "        [ -19.,  -55.,  200., ...,  508.,  437.,  191.],\n",
       "        [-266.,  226.,  347., ...,   85.,  578.,  473.]]),\n",
       " 'v306': array([[  15,  121,   16, ...,   50,   50,  226],\n",
       "        [ 191,  332,  236, ...,  437,  297,   85],\n",
       "        [ 121,  226,  273, ...,  156,  121,   85],\n",
       "        ...,\n",
       "        [1141, 1001, 1046, ...,  965,  613,  649],\n",
       "        [1388, 1071, 1193, ..., 1071,  613,  754],\n",
       "        [1458, 1071, 1377, ..., 1564,  719,  684]], dtype=int16),\n",
       " 'v307': array([[-231,   15, -131, ...,   15,   15,  -19],\n",
       "        [ 332,  156,  200, ...,  191,   15,   50],\n",
       "        [ -19,  121,  -57, ..., -125,   50, -407],\n",
       "        ...,\n",
       "        [ 367,  156,  236, ...,  121,   50,  -19],\n",
       "        [-231,  -19, -167, ..., -125,  -55,  -19],\n",
       "        [ 332,  156,  163, ...,  226,   15,  367]], dtype=int16),\n",
       " 'v308': array([[ -55, -125,   89, ...,  156,  121,   85],\n",
       "        [ 473,  402,  494, ...,  297,  367,  261],\n",
       "        [ -19,  -55,   16, ..., -125,  -90,  -90],\n",
       "        ...,\n",
       "        [ 437,  402,  457, ...,  261, -125,  -90],\n",
       "        [ 156,  121,  200, ...,  297,   15,  -55],\n",
       "        [ 543,  578,  568, ...,  437,  261,  191]], dtype=int16),\n",
       " 'v309': array([[ 402.,  332.,  236., ...,  437.,  402.,  261.],\n",
       "        [ 121.,   15.,   52., ...,  156.,   85.,  191.],\n",
       "        [ 367.,  437.,  273., ...,  261.,  261.,  367.],\n",
       "        ...,\n",
       "        [ 200.,  261.,  163., ...,   50.,  121.,  156.],\n",
       "        [ -57.,  -55., -241., ..., -195.,  191.,   85.],\n",
       "        [ -20.,   85.,  -57., ...,   15.,  226.,   50.]]),\n",
       " 'v310': array([[  50,  121,  236, ...,  -19,  578,  402],\n",
       "        [ -19,   15,  -20, ..., -195,  332,  191],\n",
       "        [ 261,  226,  163, ...,  226,  -19,   50],\n",
       "        ...,\n",
       "        [ 121,  -19,   52, ...,  191, -195,  -90],\n",
       "        [ 121,   15,  200, ...,   15,  226,  226],\n",
       "        [ 261,  121,  236, ...,  297, -195,  -90]], dtype=int16)}"
      ]
     },
     "execution_count": 60,
     "metadata": {},
     "output_type": "execute_result"
    }
   ],
   "source": [
    "eeg_directory = r\"D:\\sanjay\\sem 6\\ADHD\\Control_part2\"\n",
    "    \n",
    "eeg_data = read_eeg_data(eeg_directory)\n",
    "eeg_data"
   ]
  },
  {
   "cell_type": "code",
   "execution_count": 61,
   "metadata": {},
   "outputs": [
    {
     "data": {
      "text/plain": [
       "(16377, 19)"
      ]
     },
     "execution_count": 61,
     "metadata": {},
     "output_type": "execute_result"
    }
   ],
   "source": [
    "# Shape - (timepoints, channels)\n",
    "eeg_data['v121'].shape"
   ]
  },
  {
   "cell_type": "code",
   "execution_count": 62,
   "metadata": {},
   "outputs": [],
   "source": [
    "# Correlation to form edges between graphs\n",
    "\n",
    "def compute_correlation_matrix(eeg_data):\n",
    "\n",
    "    correlation_matrices = {}\n",
    "\n",
    "    for subject, data in eeg_data.items():\n",
    "        # Correlation between each channels\n",
    "        correlation_matrix = np.corrcoef(data,rowvar=False)\n",
    "        correlation_matrices[subject] = correlation_matrix\n",
    "        \n",
    "    return correlation_matrices"
   ]
  },
  {
   "cell_type": "code",
   "execution_count": 63,
   "metadata": {},
   "outputs": [],
   "source": [
    "correlation_matrices = compute_correlation_matrix(eeg_data)"
   ]
  },
  {
   "cell_type": "code",
   "execution_count": 64,
   "metadata": {},
   "outputs": [
    {
     "data": {
      "text/plain": [
       "{'v117': array([[1.        , 0.79768773, 0.71619611, 0.56653913, 0.59566763,\n",
       "         0.56498938, 0.54613891, 0.3820789 , 0.23114013, 0.29558065,\n",
       "         0.77890975, 0.43634996, 0.35087734, 0.60906286, 0.29504794,\n",
       "         0.3504037 , 0.84829014, 0.39386265, 0.23535169],\n",
       "        [0.79768773, 1.        , 0.58059493, 0.54354701, 0.52368008,\n",
       "         0.63278393, 0.44984862, 0.43757125, 0.06641537, 0.32560877,\n",
       "         0.60343937, 0.67514144, 0.31014038, 0.58610705, 0.20821746,\n",
       "         0.35214045, 0.812283  , 0.47111677, 0.18811362],\n",
       "        [0.71619611, 0.58059493, 1.        , 0.49405702, 0.78414959,\n",
       "         0.69574641, 0.74582412, 0.60392238, 0.35394539, 0.5302587 ,\n",
       "         0.75803039, 0.47891703, 0.53384559, 0.66152843, 0.54978011,\n",
       "         0.5636184 , 0.72233356, 0.58366489, 0.51117245],\n",
       "        [0.56653913, 0.54354701, 0.49405702, 1.        , 0.24343147,\n",
       "         0.48312596, 0.28570645, 0.19040993, 0.39822583, 0.16430866,\n",
       "         0.46896192, 0.24896883, 0.30505989, 0.68853841, 0.04934779,\n",
       "         0.28582916, 0.41214005, 0.37142568, 0.04960235],\n",
       "        [0.59566763, 0.52368008, 0.78414959, 0.24343147, 1.        ,\n",
       "         0.78065633, 0.86607597, 0.80154639, 0.24965482, 0.70556659,\n",
       "         0.69010386, 0.60032769, 0.5916453 , 0.53791303, 0.72893111,\n",
       "         0.66385386, 0.74171177, 0.71646525, 0.73649832],\n",
       "        [0.56498938, 0.63278393, 0.69574641, 0.48312596, 0.78065633,\n",
       "         1.        , 0.73819204, 0.81351119, 0.24822367, 0.69329827,\n",
       "         0.62485367, 0.690622  , 0.57116781, 0.5821451 , 0.58876413,\n",
       "         0.68875906, 0.68814301, 0.81791043, 0.66196378],\n",
       "        [0.54613891, 0.44984862, 0.74582412, 0.28570645, 0.86607597,\n",
       "         0.73819204, 1.        , 0.79562313, 0.48509961, 0.73920584,\n",
       "         0.65646542, 0.52153426, 0.60602662, 0.61883759, 0.79556625,\n",
       "         0.71017356, 0.66236832, 0.61489814, 0.7272104 ],\n",
       "        [0.3820789 , 0.43757125, 0.60392238, 0.19040993, 0.80154639,\n",
       "         0.81351119, 0.79562313, 1.        , 0.26531455, 0.90783229,\n",
       "         0.56136148, 0.67033658, 0.61258223, 0.47930142, 0.75609431,\n",
       "         0.80771688, 0.56901854, 0.79992387, 0.86863813],\n",
       "        [0.23114013, 0.06641537, 0.35394539, 0.39822583, 0.24965482,\n",
       "         0.24822367, 0.48509961, 0.26531455, 1.        , 0.40763664,\n",
       "         0.25421193, 0.05775433, 0.29417688, 0.49790493, 0.49535482,\n",
       "         0.41251446, 0.16817059, 0.11250435, 0.26553493],\n",
       "        [0.29558065, 0.32560877, 0.5302587 , 0.16430866, 0.70556659,\n",
       "         0.69329827, 0.73920584, 0.90783229, 0.40763664, 1.        ,\n",
       "         0.49305385, 0.59202962, 0.59499321, 0.43380627, 0.79184412,\n",
       "         0.82249664, 0.46535026, 0.68170668, 0.80744571],\n",
       "        [0.77890975, 0.60343937, 0.75803039, 0.46896192, 0.69010386,\n",
       "         0.62485367, 0.65646542, 0.56136148, 0.25421193, 0.49305385,\n",
       "         1.        , 0.38755153, 0.5279627 , 0.55731189, 0.48711392,\n",
       "         0.51123275, 0.71215606, 0.54416335, 0.44835815],\n",
       "        [0.43634996, 0.67514144, 0.47891703, 0.24896883, 0.60032769,\n",
       "         0.690622  , 0.52153426, 0.67033658, 0.05775433, 0.59202962,\n",
       "         0.38755153, 1.        , 0.44475249, 0.43569609, 0.48095189,\n",
       "         0.61059829, 0.65232349, 0.66595379, 0.58006675],\n",
       "        [0.35087734, 0.31014038, 0.53384559, 0.30505989, 0.5916453 ,\n",
       "         0.57116781, 0.60602662, 0.61258223, 0.29417688, 0.59499321,\n",
       "         0.5279627 , 0.44475249, 1.        , 0.43868358, 0.53850734,\n",
       "         0.61033537, 0.42466778, 0.58988078, 0.57708236],\n",
       "        [0.60906286, 0.58610705, 0.66152843, 0.68853841, 0.53791303,\n",
       "         0.5821451 , 0.61883759, 0.47930142, 0.49790493, 0.43380627,\n",
       "         0.55731189, 0.43569609, 0.43868358, 1.        , 0.37610662,\n",
       "         0.5117149 , 0.56447644, 0.42314569, 0.2904956 ],\n",
       "        [0.29504794, 0.20821746, 0.54978011, 0.04934779, 0.72893111,\n",
       "         0.58876413, 0.79556625, 0.75609431, 0.49535482, 0.79184412,\n",
       "         0.48711392, 0.48095189, 0.53850734, 0.37610662, 1.        ,\n",
       "         0.72162894, 0.47457172, 0.55389096, 0.77230868],\n",
       "        [0.3504037 , 0.35214045, 0.5636184 , 0.28582916, 0.66385386,\n",
       "         0.68875906, 0.71017356, 0.80771688, 0.41251446, 0.82249664,\n",
       "         0.51123275, 0.61059829, 0.61033537, 0.5117149 , 0.72162894,\n",
       "         1.        , 0.47771698, 0.66443753, 0.7256226 ],\n",
       "        [0.84829014, 0.812283  , 0.72233356, 0.41214005, 0.74171177,\n",
       "         0.68814301, 0.66236832, 0.56901854, 0.16817059, 0.46535026,\n",
       "         0.71215606, 0.65232349, 0.42466778, 0.56447644, 0.47457172,\n",
       "         0.47771698, 1.        , 0.55222207, 0.45999933],\n",
       "        [0.39386265, 0.47111677, 0.58366489, 0.37142568, 0.71646525,\n",
       "         0.81791043, 0.61489814, 0.79992387, 0.11250435, 0.68170668,\n",
       "         0.54416335, 0.66595379, 0.58988078, 0.42314569, 0.55389096,\n",
       "         0.66443753, 0.55222207, 1.        , 0.75770421],\n",
       "        [0.23535169, 0.18811362, 0.51117245, 0.04960235, 0.73649832,\n",
       "         0.66196378, 0.7272104 , 0.86863813, 0.26553493, 0.80744571,\n",
       "         0.44835815, 0.58006675, 0.57708236, 0.2904956 , 0.77230868,\n",
       "         0.7256226 , 0.45999933, 0.75770421, 1.        ]]),\n",
       " 'v118': array([[1.        , 0.74221874, 0.90674082, 0.69223   , 0.89739882,\n",
       "         0.56194594, 0.83452438, 0.47520341, 0.75386201, 0.38010634,\n",
       "         0.92854721, 0.53681178, 0.83969494, 0.46594703, 0.63492418,\n",
       "         0.44250784, 0.65304171, 0.41554487, 0.34112649],\n",
       "        [0.74221874, 1.        , 0.60012709, 0.88435009, 0.63172802,\n",
       "         0.78982059, 0.54922405, 0.50448338, 0.51329257, 0.57518602,\n",
       "         0.62797532, 0.83240309, 0.65805694, 0.73804335, 0.61060581,\n",
       "         0.5085159 , 0.70861991, 0.69153347, 0.40751203],\n",
       "        [0.90674082, 0.60012709, 1.        , 0.681298  , 0.98240125,\n",
       "         0.56542611, 0.92945685, 0.58985094, 0.84604368, 0.43599227,\n",
       "         0.93973763, 0.50764122, 0.9036656 , 0.46881541, 0.66671009,\n",
       "         0.5356637 , 0.55781374, 0.45912739, 0.37874431],\n",
       "        [0.69223   , 0.88435009, 0.681298  , 1.        , 0.71655173,\n",
       "         0.87348313, 0.64221597, 0.66722823, 0.59506287, 0.65992079,\n",
       "         0.65040536, 0.83650357, 0.71657542, 0.78234163, 0.64276462,\n",
       "         0.62474685, 0.62863046, 0.82487353, 0.45211416],\n",
       "        [0.89739882, 0.63172802, 0.98240125, 0.71655173, 1.        ,\n",
       "         0.64587788, 0.94999157, 0.60156491, 0.87077014, 0.50195585,\n",
       "         0.93154766, 0.57733545, 0.94760265, 0.55497568, 0.749122  ,\n",
       "         0.55859431, 0.62502933, 0.53441971, 0.48292499],\n",
       "        [0.56194594, 0.78982059, 0.56542611, 0.87348313, 0.64587788,\n",
       "         1.        , 0.59227792, 0.65150795, 0.57986656, 0.76765676,\n",
       "         0.56117477, 0.87882171, 0.73932416, 0.92781814, 0.78730144,\n",
       "         0.60341051, 0.7116907 , 0.86737521, 0.70195198],\n",
       "        [0.83452438, 0.54922405, 0.92945685, 0.64221597, 0.94999157,\n",
       "         0.59227792, 1.        , 0.67637906, 0.92662587, 0.52797182,\n",
       "         0.87225429, 0.51622416, 0.89552694, 0.50951705, 0.72409058,\n",
       "         0.61099791, 0.50639559, 0.4433034 , 0.44652644],\n",
       "        [0.47520341, 0.50448338, 0.58985094, 0.66722823, 0.60156491,\n",
       "         0.65150795, 0.67637906, 1.        , 0.64598752, 0.69589933,\n",
       "         0.51237191, 0.55241406, 0.54110954, 0.58747988, 0.42742376,\n",
       "         0.77106502, 0.22191235, 0.56788807, 0.29133449],\n",
       "        [0.75386201, 0.51329257, 0.84604368, 0.59506287, 0.87077014,\n",
       "         0.57986656, 0.92662587, 0.64598752, 1.        , 0.64054948,\n",
       "         0.81249302, 0.53351748, 0.85482157, 0.54853711, 0.78666491,\n",
       "         0.68061438, 0.52854505, 0.43981327, 0.51041438],\n",
       "        [0.38010634, 0.57518602, 0.43599227, 0.65992079, 0.50195585,\n",
       "         0.76765676, 0.52797182, 0.69589933, 0.64054948, 1.        ,\n",
       "         0.43875183, 0.74225625, 0.60165645, 0.819443  , 0.72176637,\n",
       "         0.81082719, 0.52031124, 0.69625976, 0.62772953],\n",
       "        [0.92854721, 0.62797532, 0.93973763, 0.65040536, 0.93154766,\n",
       "         0.56117477, 0.87225429, 0.51237191, 0.81249302, 0.43875183,\n",
       "         1.        , 0.51337207, 0.90514957, 0.48300673, 0.7030922 ,\n",
       "         0.49476267, 0.64507398, 0.44357037, 0.43391282],\n",
       "        [0.53681178, 0.83240309, 0.50764122, 0.83650357, 0.57733545,\n",
       "         0.87882171, 0.51622416, 0.55241406, 0.53351748, 0.74225625,\n",
       "         0.51337207, 1.        , 0.67790904, 0.92992016, 0.73813696,\n",
       "         0.6265269 , 0.7307983 , 0.79080487, 0.63491494],\n",
       "        [0.83969494, 0.65805694, 0.9036656 , 0.71657542, 0.94760265,\n",
       "         0.73932416, 0.89552694, 0.54110954, 0.85482157, 0.60165645,\n",
       "         0.90514957, 0.67790904, 1.        , 0.68854732, 0.89011444,\n",
       "         0.55452759, 0.76956283, 0.61866864, 0.68189092],\n",
       "        [0.46594703, 0.73804335, 0.46881541, 0.78234163, 0.55497568,\n",
       "         0.92781814, 0.50951705, 0.58747988, 0.54853711, 0.819443  ,\n",
       "         0.48300673, 0.92992016, 0.68854732, 1.        , 0.79661441,\n",
       "         0.64911781, 0.7153597 , 0.80704096, 0.72494867],\n",
       "        [0.63492418, 0.61060581, 0.66671009, 0.64276462, 0.749122  ,\n",
       "         0.78730144, 0.72409058, 0.42742376, 0.78666491, 0.72176637,\n",
       "         0.7030922 , 0.73813696, 0.89011444, 0.79661441, 1.        ,\n",
       "         0.53519399, 0.82929494, 0.66042425, 0.85206426],\n",
       "        [0.44250784, 0.5085159 , 0.5356637 , 0.62474685, 0.55859431,\n",
       "         0.60341051, 0.61099791, 0.77106502, 0.68061438, 0.81082719,\n",
       "         0.49476267, 0.6265269 , 0.55452759, 0.64911781, 0.53519399,\n",
       "         1.        , 0.29253533, 0.53567342, 0.3282298 ],\n",
       "        [0.65304171, 0.70861991, 0.55781374, 0.62863046, 0.62502933,\n",
       "         0.7116907 , 0.50639559, 0.22191235, 0.52854505, 0.52031124,\n",
       "         0.64507398, 0.7307983 , 0.76956283, 0.7153597 , 0.82929494,\n",
       "         0.29253533, 1.        , 0.65030567, 0.82872646],\n",
       "        [0.41554487, 0.69153347, 0.45912739, 0.82487353, 0.53441971,\n",
       "         0.86737521, 0.4433034 , 0.56788807, 0.43981327, 0.69625976,\n",
       "         0.44357037, 0.79080487, 0.61866864, 0.80704096, 0.66042425,\n",
       "         0.53567342, 0.65030567, 1.        , 0.66109301],\n",
       "        [0.34112649, 0.40751203, 0.37874431, 0.45211416, 0.48292499,\n",
       "         0.70195198, 0.44652644, 0.29133449, 0.51041438, 0.62772953,\n",
       "         0.43391282, 0.63491494, 0.68189092, 0.72494867, 0.85206426,\n",
       "         0.3282298 , 0.82872646, 0.66109301, 1.        ]]),\n",
       " 'v120': array([[ 1.        ,  0.39870515,  0.03593933,  0.37710601,  0.82553649,\n",
       "          0.36453192,  0.6979901 ,  0.20927132,  0.69301139,  0.15226246,\n",
       "          0.82880389,  0.37052296,  0.75643716,  0.22763403,  0.73614639,\n",
       "          0.18263437,  0.78157621,  0.34541587,  0.80330153],\n",
       "        [ 0.39870515,  1.        ,  0.30541708,  0.85690158,  0.28078871,\n",
       "          0.84787032,  0.06545603,  0.52392013,  0.05145013,  0.37052679,\n",
       "          0.16743792,  0.83729878,  0.08326988,  0.5106068 ,  0.07699462,\n",
       "          0.41045813,  0.45750372,  0.75895183,  0.13976332],\n",
       "        [ 0.03593933,  0.30541708,  1.        ,  0.20169691,  0.16974986,\n",
       "          0.18977724, -0.12432207,  0.00671886, -0.12751515,  0.04502762,\n",
       "         -0.08379397,  0.10006698, -0.09318823,  0.02539351, -0.13099606,\n",
       "          0.05179392,  0.04369058,  0.07967055, -0.08175093],\n",
       "        [ 0.37710601,  0.85690158,  0.20169691,  1.        ,  0.43310841,\n",
       "          0.98507274,  0.28534153,  0.72456887,  0.21554874,  0.56286803,\n",
       "          0.28278949,  0.83547212,  0.26456125,  0.72528099,  0.2138814 ,\n",
       "          0.58840683,  0.40493987,  0.95892124,  0.31127954],\n",
       "        [ 0.82553649,  0.28078871,  0.16974986,  0.43310841,  1.        ,\n",
       "          0.42065464,  0.87358036,  0.3752769 ,  0.77006922,  0.34000705,\n",
       "          0.85732691,  0.32987689,  0.85693139,  0.39750699,  0.78550316,\n",
       "          0.35608111,  0.66308274,  0.45889015,  0.84818765],\n",
       "        [ 0.36453192,  0.84787032,  0.18977724,  0.98507274,  0.42065464,\n",
       "          1.        ,  0.28160402,  0.74575208,  0.21      ,  0.56785843,\n",
       "          0.26700144,  0.84795569,  0.24799049,  0.7227995 ,  0.20911283,\n",
       "          0.58909086,  0.41786377,  0.95564721,  0.30743719],\n",
       "        [ 0.6979901 ,  0.06545603, -0.12432207,  0.28534153,  0.87358036,\n",
       "          0.28160402,  1.        ,  0.455762  ,  0.88531259,  0.42796177,\n",
       "          0.86741725,  0.24324443,  0.91480889,  0.45027159,  0.8818918 ,\n",
       "          0.42481963,  0.52008472,  0.38677374,  0.88010007],\n",
       "        [ 0.20927132,  0.52392013,  0.00671886,  0.72456887,  0.3752769 ,\n",
       "          0.74575208,  0.455762  ,  1.        ,  0.41287015,  0.89356344,\n",
       "          0.34401074,  0.63854213,  0.3881424 ,  0.86686556,  0.39214188,\n",
       "          0.87250961,  0.12752081,  0.77716343,  0.38571968],\n",
       "        [ 0.69301139,  0.05145013, -0.12751515,  0.21554874,  0.77006922,\n",
       "          0.21      ,  0.88531259,  0.41287015,  1.        ,  0.48939198,\n",
       "          0.83198648,  0.15800561,  0.87604987,  0.38646551,  0.93421547,\n",
       "          0.45603373,  0.41638824,  0.27335696,  0.89806286],\n",
       "        [ 0.15226246,  0.37052679,  0.04502762,  0.56286803,  0.34000705,\n",
       "          0.56785843,  0.42796177,  0.89356344,  0.48939198,  1.        ,\n",
       "          0.36433161,  0.4052582 ,  0.44314419,  0.82673774,  0.44933867,\n",
       "          0.94235288, -0.1122848 ,  0.59781345,  0.40987242],\n",
       "        [ 0.82880389,  0.16743792, -0.08379397,  0.28278949,  0.85732691,\n",
       "          0.26700144,  0.86741725,  0.34401074,  0.83198648,  0.36433161,\n",
       "          1.        ,  0.2419452 ,  0.93136589,  0.40623659,  0.86223612,\n",
       "          0.38505236,  0.53557118,  0.32804761,  0.86893407],\n",
       "        [ 0.37052296,  0.83729878,  0.10006698,  0.83547212,  0.32987689,\n",
       "          0.84795569,  0.24324443,  0.63854213,  0.15800561,  0.4052582 ,\n",
       "          0.2419452 ,  1.        ,  0.16376877,  0.64575033,  0.18742564,\n",
       "          0.46549843,  0.53926786,  0.82327785,  0.21230409],\n",
       "        [ 0.75643716,  0.08326988, -0.09318823,  0.26456125,  0.85693139,\n",
       "          0.24799049,  0.91480889,  0.3881424 ,  0.87604987,  0.44314419,\n",
       "          0.93136589,  0.16376877,  1.        ,  0.4435081 ,  0.89660497,\n",
       "          0.4516272 ,  0.42401048,  0.31535903,  0.90863005],\n",
       "        [ 0.22763403,  0.5106068 ,  0.02539351,  0.72528099,  0.39750699,\n",
       "          0.7227995 ,  0.45027159,  0.86686556,  0.38646551,  0.82673774,\n",
       "          0.40623659,  0.64575033,  0.4435081 ,  1.        ,  0.38591459,\n",
       "          0.86037833,  0.07644267,  0.7658717 ,  0.37632765],\n",
       "        [ 0.73614639,  0.07699462, -0.13099606,  0.2138814 ,  0.78550316,\n",
       "          0.20911283,  0.8818918 ,  0.39214188,  0.93421547,  0.44933867,\n",
       "          0.86223612,  0.18742564,  0.89660497,  0.38591459,  1.        ,\n",
       "          0.45209945,  0.47175975,  0.26654466,  0.88242244],\n",
       "        [ 0.18263437,  0.41045813,  0.05179392,  0.58840683,  0.35608111,\n",
       "          0.58909086,  0.42481963,  0.87250961,  0.45603373,  0.94235288,\n",
       "          0.38505236,  0.46549843,  0.4516272 ,  0.86037833,  0.45209945,\n",
       "          1.        , -0.05864317,  0.61963517,  0.39008203],\n",
       "        [ 0.78157621,  0.45750372,  0.04369058,  0.40493987,  0.66308274,\n",
       "          0.41786377,  0.52008472,  0.12752081,  0.41638824, -0.1122848 ,\n",
       "          0.53557118,  0.53926786,  0.42401048,  0.07644267,  0.47175975,\n",
       "         -0.05864317,  1.        ,  0.39729218,  0.5315005 ],\n",
       "        [ 0.34541587,  0.75895183,  0.07967055,  0.95892124,  0.45889015,\n",
       "          0.95564721,  0.38677374,  0.77716343,  0.27335696,  0.59781345,\n",
       "          0.32804761,  0.82327785,  0.31535903,  0.7658717 ,  0.26654466,\n",
       "          0.61963517,  0.39729218,  1.        ,  0.34958825],\n",
       "        [ 0.80330153,  0.13976332, -0.08175093,  0.31127954,  0.84818765,\n",
       "          0.30743719,  0.88010007,  0.38571968,  0.89806286,  0.40987242,\n",
       "          0.86893407,  0.21230409,  0.90863005,  0.37632765,  0.88242244,\n",
       "          0.39008203,  0.5315005 ,  0.34958825,  1.        ]]),\n",
       " 'v121': array([[1.        , 0.79268382, 0.77628137, 0.70951494, 0.5971219 ,\n",
       "         0.54439346, 0.30245128, 0.48335725, 0.30775337, 0.335145  ,\n",
       "         0.59662171, 0.60741807, 0.22704962, 0.38310759, 0.30921461,\n",
       "         0.45414181, 0.63218029, 0.50908928, 0.33381109],\n",
       "        [0.79268382, 1.        , 0.68636686, 0.88574786, 0.57853063,\n",
       "         0.68294558, 0.30379525, 0.57792894, 0.35193812, 0.38024204,\n",
       "         0.43107914, 0.76949984, 0.20087604, 0.51542967, 0.2843157 ,\n",
       "         0.53056906, 0.56534275, 0.5755639 , 0.23536904],\n",
       "        [0.77628137, 0.68636686, 1.        , 0.72394002, 0.83100259,\n",
       "         0.57649899, 0.42990078, 0.52004921, 0.37184822, 0.39797509,\n",
       "         0.47593736, 0.59996935, 0.27470672, 0.42947105, 0.40477095,\n",
       "         0.50321142, 0.61062343, 0.62178909, 0.44234188],\n",
       "        [0.70951494, 0.88574786, 0.72394002, 1.        , 0.72416679,\n",
       "         0.87853308, 0.4574431 , 0.65353496, 0.41816346, 0.45080775,\n",
       "         0.42903925, 0.69472868, 0.31922527, 0.63455986, 0.32073299,\n",
       "         0.58456824, 0.4910509 , 0.69629088, 0.38309335],\n",
       "        [0.5971219 , 0.57853063, 0.83100259, 0.72416679, 1.        ,\n",
       "         0.72411099, 0.61596736, 0.54623643, 0.42027259, 0.43722769,\n",
       "         0.36855562, 0.51515772, 0.46877766, 0.58550792, 0.38729581,\n",
       "         0.52537488, 0.5269523 , 0.68463445, 0.52136482],\n",
       "        [0.54439346, 0.68294558, 0.57649899, 0.87853308, 0.72411099,\n",
       "         1.        , 0.60550924, 0.65180881, 0.39742056, 0.45680166,\n",
       "         0.46293427, 0.53086844, 0.55510995, 0.76756199, 0.2598067 ,\n",
       "         0.58774943, 0.34770644, 0.62053877, 0.38771837],\n",
       "        [0.30245128, 0.30379525, 0.42990078, 0.4574431 , 0.61596736,\n",
       "         0.60550924, 1.        , 0.60675358, 0.56023277, 0.53538521,\n",
       "         0.40765947, 0.28438879, 0.69967786, 0.57360192, 0.55169749,\n",
       "         0.52953426, 0.15349686, 0.34399982, 0.5967983 ],\n",
       "        [0.48335725, 0.57792894, 0.52004921, 0.65353496, 0.54623643,\n",
       "         0.65180881, 0.60675358, 1.        , 0.68031878, 0.8200928 ,\n",
       "         0.34997048, 0.57027258, 0.33298564, 0.66090458, 0.58739634,\n",
       "         0.9000064 , 0.26943702, 0.52431823, 0.6317599 ],\n",
       "        [0.30775337, 0.35193812, 0.37184822, 0.41816346, 0.42027259,\n",
       "         0.39742056, 0.56023277, 0.68031878, 1.        , 0.78074878,\n",
       "         0.22231862, 0.45178942, 0.22244392, 0.43786612, 0.77861422,\n",
       "         0.66294988, 0.27541592, 0.45446771, 0.62002594],\n",
       "        [0.335145  , 0.38024204, 0.39797509, 0.45080775, 0.43722769,\n",
       "         0.45680166, 0.53538521, 0.8200928 , 0.78074878, 1.        ,\n",
       "         0.2478523 , 0.40451681, 0.22904238, 0.46493947, 0.60066949,\n",
       "         0.72730871, 0.21575327, 0.48050445, 0.69408389],\n",
       "        [0.59662171, 0.43107914, 0.47593736, 0.42903925, 0.36855562,\n",
       "         0.46293427, 0.40765947, 0.34997048, 0.22231862, 0.2478523 ,\n",
       "         1.        , 0.40777927, 0.63619319, 0.53436103, 0.22226142,\n",
       "         0.42283101, 0.43106533, 0.3829099 , 0.18413711],\n",
       "        [0.60741807, 0.76949984, 0.59996935, 0.69472868, 0.51515772,\n",
       "         0.53086844, 0.28438879, 0.57027258, 0.45178942, 0.40451681,\n",
       "         0.40777927, 1.        , 0.21080832, 0.62860862, 0.41973434,\n",
       "         0.68978403, 0.68055461, 0.65285362, 0.32346346],\n",
       "        [0.22704962, 0.20087604, 0.27470672, 0.31922527, 0.46877766,\n",
       "         0.55510995, 0.69967786, 0.33298564, 0.22244392, 0.22904238,\n",
       "         0.63619319, 0.21080832, 1.        , 0.65729216, 0.2054611 ,\n",
       "         0.375485  , 0.1661384 , 0.23185984, 0.17475205],\n",
       "        [0.38310759, 0.51542967, 0.42947105, 0.63455986, 0.58550792,\n",
       "         0.76756199, 0.57360192, 0.66090458, 0.43786612, 0.46493947,\n",
       "         0.53436103, 0.62860862, 0.65729216, 1.        , 0.31104079,\n",
       "         0.76637152, 0.43515212, 0.5852555 , 0.3317789 ],\n",
       "        [0.30921461, 0.2843157 , 0.40477095, 0.32073299, 0.38729581,\n",
       "         0.2598067 , 0.55169749, 0.58739634, 0.77861422, 0.60066949,\n",
       "         0.22226142, 0.41973434, 0.2054611 , 0.31104079, 1.        ,\n",
       "         0.59384435, 0.29125292, 0.37355888, 0.57790493],\n",
       "        [0.45414181, 0.53056906, 0.50321142, 0.58456824, 0.52537488,\n",
       "         0.58774943, 0.52953426, 0.9000064 , 0.66294988, 0.72730871,\n",
       "         0.42283101, 0.68978403, 0.375485  , 0.76637152, 0.59384435,\n",
       "         1.        , 0.44259091, 0.6056769 , 0.54715241],\n",
       "        [0.63218029, 0.56534275, 0.61062343, 0.4910509 , 0.5269523 ,\n",
       "         0.34770644, 0.15349686, 0.26943702, 0.27541592, 0.21575327,\n",
       "         0.43106533, 0.68055461, 0.1661384 , 0.43515212, 0.29125292,\n",
       "         0.44259091, 1.        , 0.68430957, 0.33616189],\n",
       "        [0.50908928, 0.5755639 , 0.62178909, 0.69629088, 0.68463445,\n",
       "         0.62053877, 0.34399982, 0.52431823, 0.45446771, 0.48050445,\n",
       "         0.3829099 , 0.65285362, 0.23185984, 0.5852555 , 0.37355888,\n",
       "         0.6056769 , 0.68430957, 1.        , 0.47790299],\n",
